[app/ui]
version = 8.2.5
modtime = 1647125576.850085000

[app/launcher]
version = 8.2.5
modtime = 1647125576.901185000
